105 0.404 0.012 0.016 0.071 0--5
115 0.419 0.011 0.015 0.019 0--5
125 0.443 0.013 0.017 0.036 0--5
135 0.465 0.014 0.020 0.040 0--5
145 0.481 0.016 0.023 0.058 0--5
155 0.490 0.017 0.026 0.065 0--5
165 0.494 0.020 0.031 0.064 0--5
175 0.495 0.022 0.038 0.061 0--5
185 0.496 0.025 0.045 0.060 0--5
195 0.496 0.029 0.053 0.061 0--5
205 0.497 0.033 0.061 0.063 0--5
215 0.499 0.037 0.069 0.067 0--5
225 0.500 0.042 0.077 0.072 0--5
235 0.501 0.046 0.084 0.079 0--5
245 0.502 0.049 0.090 0.087 0--5
255 0.503 0.052 0.096 0.096 0--5
265 0.504 0.055 0.100 0.104 0--5
275 0.504 0.057 0.103 0.110 0--5
285 0.505 0.058 0.105 0.114 0--5
295 0.505 0.059 0.106 0.117 0--5
