105 0.481 0.013 0.017 0.031 10--30
115 0.507 0.012 0.016 0.043 10--30
125 0.538 0.014 0.019 0.072 10--30
135 0.561 0.016 0.022 0.086 10--30
145 0.575 0.017 0.025 0.094 10--30
155 0.581 0.019 0.029 0.097 10--30
165 0.582 0.022 0.034 0.098 10--30
175 0.581 0.024 0.041 0.099 10--30
185 0.579 0.028 0.049 0.100 10--30
195 0.578 0.032 0.058 0.103 10--30
205 0.577 0.036 0.067 0.108 10--30
215 0.577 0.041 0.076 0.114 10--30
225 0.577 0.046 0.084 0.121 10--30
235 0.577 0.050 0.092 0.128 10--30
245 0.577 0.054 0.099 0.134 10--30
255 0.577 0.057 0.105 0.139 10--30
265 0.577 0.060 0.109 0.144 10--30
275 0.577 0.062 0.113 0.147 10--30
285 0.577 0.063 0.115 0.149 10--30
295 0.577 0.064 0.116 0.150 10--30
