105 0.627 0.019 0.025 0.011 30--50
115 0.649 0.017 0.022 0.054 30--50
125 0.663 0.019 0.025 0.044 30--50
135 0.670 0.021 0.029 0.045 30--50
145 0.673 0.022 0.032 0.049 30--50
155 0.675 0.025 0.037 0.057 30--50
165 0.676 0.028 0.044 0.064 30--50
175 0.676 0.031 0.053 0.066 30--50
185 0.678 0.036 0.063 0.067 30--50
195 0.680 0.041 0.074 0.070 30--50
205 0.683 0.047 0.086 0.075 30--50
215 0.687 0.053 0.098 0.082 30--50
225 0.691 0.059 0.109 0.091 30--50
235 0.694 0.064 0.119 0.103 30--50
245 0.697 0.070 0.128 0.116 30--50
255 0.700 0.074 0.136 0.130 30--50
265 0.702 0.078 0.142 0.142 30--50
275 0.703 0.080 0.146 0.152 30--50
285 0.704 0.082 0.149 0.159 30--50
295 0.705 0.083 0.151 0.163 30--50
