105 0.458 0.014 0.019 0.028 5--10
115 0.471 0.013 0.017 0.040 5--10
125 0.470 0.013 0.018 0.050 5--10
135 0.462 0.014 0.020 0.027 5--10
145 0.457 0.016 0.023 0.037 5--10
155 0.457 0.017 0.026 0.030 5--10
165 0.459 0.019 0.031 0.036 5--10
175 0.462 0.022 0.037 0.046 5--10
185 0.466 0.025 0.044 0.050 5--10
195 0.471 0.029 0.052 0.052 5--10
205 0.476 0.033 0.061 0.055 5--10
215 0.480 0.037 0.069 0.059 5--10
225 0.485 0.042 0.077 0.065 5--10
235 0.488 0.046 0.085 0.071 5--10
245 0.491 0.050 0.091 0.078 5--10
255 0.494 0.053 0.097 0.084 5--10
265 0.496 0.056 0.101 0.090 5--10
275 0.497 0.058 0.105 0.095 5--10
285 0.498 0.059 0.107 0.098 5--10
295 0.498 0.060 0.108 0.100 5--10
