105 0.641 0.032 0.041 0.038 50--70
115 0.741 0.028 0.035 0.078 50--70
125 0.797 0.032 0.042 0.053 50--70
135 0.806 0.034 0.048 0.038 50--70
145 0.790 0.036 0.052 0.028 50--70
155 0.771 0.039 0.057 0.035 50--70
165 0.756 0.043 0.065 0.025 50--70
175 0.747 0.047 0.077 0.027 50--70
185 0.743 0.053 0.092 0.035 50--70
195 0.740 0.061 0.109 0.032 50--70
205 0.739 0.070 0.127 0.024 50--70
215 0.739 0.079 0.146 0.026 50--70
225 0.739 0.089 0.164 0.029 50--70
235 0.740 0.099 0.180 0.028 50--70
245 0.741 0.107 0.195 0.026 50--70
255 0.742 0.115 0.208 0.031 50--70
265 0.743 0.121 0.218 0.040 50--70
275 0.744 0.126 0.226 0.049 50--70
285 0.744 0.129 0.231 0.056 50--70
295 0.744 0.131 0.233 0.060 50--70
