105 0.821 0.052 0.068 0.025 70--90
115 0.813 0.048 0.064 0.075 70--90
125 0.828 0.049 0.067 0.058 70--90
135 0.851 0.054 0.077 0.018 70--90
145 0.871 0.060 0.091 0.041 70--90
155 0.880 0.066 0.109 0.044 70--90
165 0.878 0.075 0.130 0.021 70--90
175 0.870 0.084 0.154 0.031 70--90
185 0.858 0.095 0.178 0.053 70--90
195 0.845 0.107 0.203 0.067 70--90
205 0.832 0.119 0.226 0.078 70--90
215 0.820 0.131 0.248 0.088 70--90
225 0.809 0.142 0.268 0.097 70--90
235 0.800 0.151 0.286 0.105 70--90
245 0.792 0.160 0.300 0.112 70--90
255 0.786 0.167 0.312 0.118 70--90
265 0.781 0.172 0.322 0.123 70--90
275 0.778 0.176 0.329 0.125 70--90
285 0.775 0.179 0.333 0.126 70--90
295 0.774 0.180 0.336 0.127 70--90
