105 0.404 0.012 0.016 0.071 0--5
115 0.419 0.011 0.015 0.019 0--5
125 0.443 0.013 0.017 0.036 0--5
135 0.465 0.014 0.020 0.040 0--5
145 0.481 0.016 0.023 0.058 0--5
155 0.490 0.017 0.026 0.065 0--5
165 0.494 0.020 0.031 0.064 0--5
175 0.495 0.022 0.038 0.061 0--5
185 0.496 0.025 0.045 0.060 0--5
195 0.496 0.029 0.053 0.061 0--5
205 0.497 0.033 0.061 0.063 0--5
215 0.499 0.037 0.069 0.067 0--5
225 0.500 0.042 0.077 0.072 0--5
235 0.501 0.046 0.084 0.079 0--5
245 0.502 0.049 0.090 0.087 0--5
255 0.503 0.052 0.096 0.096 0--5
265 0.504 0.055 0.100 0.104 0--5
275 0.504 0.057 0.103 0.110 0--5
285 0.505 0.058 0.105 0.114 0--5
295 0.505 0.059 0.106 0.117 0--5
105 0.458 0.014 0.019 0.028 5--10
115 0.471 0.013 0.017 0.040 5--10
125 0.470 0.013 0.018 0.050 5--10
135 0.462 0.014 0.020 0.027 5--10
145 0.457 0.016 0.023 0.037 5--10
155 0.457 0.017 0.026 0.030 5--10
165 0.459 0.019 0.031 0.036 5--10
175 0.462 0.022 0.037 0.046 5--10
185 0.466 0.025 0.044 0.050 5--10
195 0.471 0.029 0.052 0.052 5--10
205 0.476 0.033 0.061 0.055 5--10
215 0.480 0.037 0.069 0.059 5--10
225 0.485 0.042 0.077 0.065 5--10
235 0.488 0.046 0.085 0.071 5--10
245 0.491 0.050 0.091 0.078 5--10
255 0.494 0.053 0.097 0.084 5--10
265 0.496 0.056 0.101 0.090 5--10
275 0.497 0.058 0.105 0.095 5--10
285 0.498 0.059 0.107 0.098 5--10
295 0.498 0.060 0.108 0.100 5--10
105 0.481 0.013 0.017 0.031 10--30
115 0.507 0.012 0.016 0.043 10--30
125 0.538 0.014 0.019 0.072 10--30
135 0.561 0.016 0.022 0.086 10--30
145 0.575 0.017 0.025 0.094 10--30
155 0.581 0.019 0.029 0.097 10--30
165 0.582 0.022 0.034 0.098 10--30
175 0.581 0.024 0.041 0.099 10--30
185 0.579 0.028 0.049 0.100 10--30
195 0.578 0.032 0.058 0.103 10--30
205 0.577 0.036 0.067 0.108 10--30
215 0.577 0.041 0.076 0.114 10--30
225 0.577 0.046 0.084 0.121 10--30
235 0.577 0.050 0.092 0.128 10--30
245 0.577 0.054 0.099 0.134 10--30
255 0.577 0.057 0.105 0.139 10--30
265 0.577 0.060 0.109 0.144 10--30
275 0.577 0.062 0.113 0.147 10--30
285 0.577 0.063 0.115 0.149 10--30
295 0.577 0.064 0.116 0.150 10--30
105 0.627 0.019 0.025 0.011 30--50
115 0.649 0.017 0.022 0.054 30--50
125 0.663 0.019 0.025 0.044 30--50
135 0.670 0.021 0.029 0.045 30--50
145 0.673 0.022 0.032 0.049 30--50
155 0.675 0.025 0.037 0.057 30--50
165 0.676 0.028 0.044 0.064 30--50
175 0.676 0.031 0.053 0.066 30--50
185 0.678 0.036 0.063 0.067 30--50
195 0.680 0.041 0.074 0.070 30--50
205 0.683 0.047 0.086 0.075 30--50
215 0.687 0.053 0.098 0.082 30--50
225 0.691 0.059 0.109 0.091 30--50
235 0.694 0.064 0.119 0.103 30--50
245 0.697 0.070 0.128 0.116 30--50
255 0.700 0.074 0.136 0.130 30--50
265 0.702 0.078 0.142 0.142 30--50
275 0.703 0.080 0.146 0.152 30--50
285 0.704 0.082 0.149 0.159 30--50
295 0.705 0.083 0.151 0.163 30--50
105 0.641 0.032 0.041 0.038 50--70
115 0.741 0.028 0.035 0.078 50--70
125 0.797 0.032 0.042 0.053 50--70
135 0.806 0.034 0.048 0.038 50--70
145 0.790 0.036 0.052 0.028 50--70
155 0.771 0.039 0.057 0.035 50--70
165 0.756 0.043 0.065 0.025 50--70
175 0.747 0.047 0.077 0.027 50--70
185 0.743 0.053 0.092 0.035 50--70
195 0.740 0.061 0.109 0.032 50--70
205 0.739 0.070 0.127 0.024 50--70
215 0.739 0.079 0.146 0.026 50--70
225 0.739 0.089 0.164 0.029 50--70
235 0.740 0.099 0.180 0.028 50--70
245 0.741 0.107 0.195 0.026 50--70
255 0.742 0.115 0.208 0.031 50--70
265 0.743 0.121 0.218 0.040 50--70
275 0.744 0.126 0.226 0.049 50--70
285 0.744 0.129 0.231 0.056 50--70
295 0.744 0.131 0.233 0.060 50--70
105 0.821 0.052 0.068 0.025 70--90
115 0.813 0.048 0.064 0.075 70--90
125 0.828 0.049 0.067 0.058 70--90
135 0.851 0.054 0.077 0.018 70--90
145 0.871 0.060 0.091 0.041 70--90
155 0.880 0.066 0.109 0.044 70--90
165 0.878 0.075 0.130 0.021 70--90
175 0.870 0.084 0.154 0.031 70--90
185 0.858 0.095 0.178 0.053 70--90
195 0.845 0.107 0.203 0.067 70--90
205 0.832 0.119 0.226 0.078 70--90
215 0.820 0.131 0.248 0.088 70--90
225 0.809 0.142 0.268 0.097 70--90
235 0.800 0.151 0.286 0.105 70--90
245 0.792 0.160 0.300 0.112 70--90
255 0.786 0.167 0.312 0.118 70--90
265 0.781 0.172 0.322 0.123 70--90
275 0.778 0.176 0.329 0.125 70--90
285 0.775 0.179 0.333 0.126 70--90
295 0.774 0.180 0.336 0.127 70--90