105 0.432 0.010 0.013 0.019 0--5
115 0.414 0.009 0.011 0.017 0--5
125 0.429 0.009 0.012 0.033 0--5
135 0.452 0.010 0.015 0.049 0--5
145 0.475 0.012 0.017 0.063 0--5
155 0.493 0.014 0.021 0.075 0--5
165 0.504 0.016 0.026 0.083 0--5
175 0.510 0.018 0.031 0.085 0--5
185 0.511 0.021 0.037 0.085 0--5
195 0.510 0.024 0.043 0.085 0--5
205 0.509 0.027 0.050 0.085 0--5
215 0.507 0.030 0.055 0.086 0--5
225 0.506 0.033 0.061 0.088 0--5
235 0.505 0.035 0.066 0.090 0--5
245 0.505 0.038 0.070 0.094 0--5
255 0.504 0.040 0.074 0.097 0--5
265 0.504 0.042 0.077 0.101 0--5
275 0.503 0.043 0.079 0.103 0--5
285 0.503 0.044 0.080 0.105 0--5
295 0.503 0.044 0.081 0.106 0--5
