105 0.526 0.011 0.015 0.018 10--30
115 0.518 0.010 0.013 0.043 10--30
125 0.533 0.010 0.014 0.069 10--30
135 0.551 0.012 0.016 0.087 10--30
145 0.568 0.013 0.019 0.102 10--30
155 0.579 0.015 0.023 0.114 10--30
165 0.583 0.017 0.028 0.119 10--30
175 0.582 0.019 0.033 0.120 10--30
185 0.577 0.022 0.039 0.118 10--30
195 0.571 0.025 0.046 0.115 10--30
205 0.565 0.028 0.052 0.114 10--30
215 0.560 0.031 0.058 0.114 10--30
225 0.555 0.034 0.063 0.115 10--30
235 0.552 0.037 0.068 0.118 10--30
245 0.549 0.039 0.073 0.121 10--30
255 0.547 0.041 0.076 0.123 10--30
265 0.545 0.043 0.079 0.126 10--30
275 0.544 0.045 0.082 0.128 10--30
285 0.543 0.045 0.083 0.129 10--30
295 0.543 0.046 0.084 0.130 10--30
