105 0.649 0.015 0.020 0.020 30--50
115 0.651 0.014 0.018 0.046 30--50
125 0.662 0.014 0.019 0.055 30--50
135 0.673 0.015 0.022 0.058 30--50
145 0.683 0.017 0.025 0.064 30--50
155 0.691 0.019 0.030 0.071 30--50
165 0.695 0.022 0.036 0.079 30--50
175 0.695 0.025 0.044 0.083 30--50
185 0.692 0.029 0.052 0.083 30--50
195 0.687 0.032 0.060 0.082 30--50
205 0.683 0.037 0.068 0.082 30--50
215 0.680 0.041 0.076 0.083 30--50
225 0.678 0.045 0.084 0.087 30--50
235 0.677 0.048 0.090 0.092 30--50
245 0.676 0.052 0.096 0.098 30--50
255 0.675 0.055 0.101 0.104 30--50
265 0.675 0.057 0.105 0.111 30--50
275 0.674 0.059 0.108 0.116 30--50
285 0.674 0.060 0.110 0.120 30--50
295 0.674 0.061 0.111 0.122 30--50
