105 0.399 0.010 0.013 0.085 5--10
115 0.389 0.009 0.012 0.013 5--10
125 0.414 0.009 0.013 0.073 5--10
135 0.443 0.011 0.015 0.060 5--10
145 0.466 0.012 0.018 0.057 5--10
155 0.484 0.014 0.022 0.061 5--10
165 0.495 0.016 0.026 0.066 5--10
175 0.501 0.018 0.032 0.072 5--10
185 0.503 0.021 0.038 0.074 5--10
195 0.502 0.024 0.044 0.075 5--10
205 0.501 0.027 0.050 0.075 5--10
215 0.499 0.030 0.056 0.076 5--10
225 0.498 0.033 0.062 0.077 5--10
235 0.497 0.036 0.067 0.079 5--10
245 0.497 0.038 0.071 0.081 5--10
255 0.496 0.041 0.075 0.083 5--10
265 0.496 0.042 0.078 0.085 5--10
275 0.496 0.044 0.080 0.086 5--10
285 0.495 0.044 0.081 0.087 5--10
295 0.495 0.045 0.082 0.088 5--10
