105 0.721 0.024 0.031 0.025 50--70
115 0.749 0.021 0.027 0.018 50--70
125 0.776 0.023 0.031 0.042 50--70
135 0.787 0.025 0.035 0.042 50--70
145 0.787 0.028 0.040 0.028 50--70
155 0.783 0.030 0.045 0.027 50--70
165 0.780 0.034 0.053 0.030 50--70
175 0.778 0.038 0.064 0.026 50--70
185 0.777 0.044 0.077 0.027 50--70
195 0.777 0.050 0.091 0.035 50--70
205 0.777 0.057 0.105 0.041 50--70
215 0.778 0.064 0.119 0.043 50--70
225 0.778 0.071 0.132 0.042 50--70
235 0.777 0.078 0.144 0.038 50--70
245 0.777 0.084 0.155 0.033 50--70
255 0.776 0.090 0.164 0.032 50--70
265 0.775 0.094 0.171 0.037 50--70
275 0.774 0.097 0.176 0.045 50--70
285 0.773 0.099 0.180 0.053 50--70
295 0.773 0.101 0.181 0.057 50--70
