105 0.852 0.039 0.052 0.054 70--90
115 0.844 0.037 0.051 0.029 70--90
125 0.832 0.037 0.052 0.093 70--90
135 0.840 0.040 0.060 0.098 70--90
145 0.864 0.046 0.073 0.045 70--90
155 0.892 0.052 0.090 0.041 70--90
165 0.918 0.060 0.109 0.054 70--90
175 0.938 0.068 0.128 0.047 70--90
185 0.952 0.077 0.147 0.036 70--90
195 0.962 0.086 0.165 0.036 70--90
205 0.969 0.095 0.183 0.046 70--90
215 0.973 0.103 0.199 0.057 70--90
225 0.976 0.111 0.213 0.066 70--90
235 0.979 0.118 0.225 0.072 70--90
245 0.980 0.124 0.235 0.075 70--90
255 0.982 0.129 0.244 0.078 70--90
265 0.983 0.132 0.251 0.079 70--90
275 0.983 0.135 0.255 0.080 70--90
285 0.984 0.137 0.259 0.081 70--90
295 0.984 0.138 0.260 0.082 70--90
