105 0.432 0.010 0.013 0.019 0--5
115 0.414 0.009 0.011 0.017 0--5
125 0.429 0.009 0.012 0.033 0--5
135 0.452 0.010 0.015 0.049 0--5
145 0.475 0.012 0.017 0.063 0--5
155 0.493 0.014 0.021 0.075 0--5
165 0.504 0.016 0.026 0.083 0--5
175 0.510 0.018 0.031 0.085 0--5
185 0.511 0.021 0.037 0.085 0--5
195 0.510 0.024 0.043 0.085 0--5
205 0.509 0.027 0.050 0.085 0--5
215 0.507 0.030 0.055 0.086 0--5
225 0.506 0.033 0.061 0.088 0--5
235 0.505 0.035 0.066 0.090 0--5
245 0.505 0.038 0.070 0.094 0--5
255 0.504 0.040 0.074 0.097 0--5
265 0.504 0.042 0.077 0.101 0--5
275 0.503 0.043 0.079 0.103 0--5
285 0.503 0.044 0.080 0.105 0--5
295 0.503 0.044 0.081 0.106 0--5
105 0.399 0.010 0.013 0.085 5--10
115 0.389 0.009 0.012 0.013 5--10
125 0.414 0.009 0.013 0.073 5--10
135 0.443 0.011 0.015 0.060 5--10
145 0.466 0.012 0.018 0.057 5--10
155 0.484 0.014 0.022 0.061 5--10
165 0.495 0.016 0.026 0.066 5--10
175 0.501 0.018 0.032 0.072 5--10
185 0.503 0.021 0.038 0.074 5--10
195 0.502 0.024 0.044 0.075 5--10
205 0.501 0.027 0.050 0.075 5--10
215 0.499 0.030 0.056 0.076 5--10
225 0.498 0.033 0.062 0.077 5--10
235 0.497 0.036 0.067 0.079 5--10
245 0.497 0.038 0.071 0.081 5--10
255 0.496 0.041 0.075 0.083 5--10
265 0.496 0.042 0.078 0.085 5--10
275 0.496 0.044 0.080 0.086 5--10
285 0.495 0.044 0.081 0.087 5--10
295 0.495 0.045 0.082 0.088 5--10
105 0.526 0.011 0.015 0.018 10--30
115 0.518 0.010 0.013 0.043 10--30
125 0.533 0.010 0.014 0.069 10--30
135 0.551 0.012 0.016 0.087 10--30
145 0.568 0.013 0.019 0.102 10--30
155 0.579 0.015 0.023 0.114 10--30
165 0.583 0.017 0.028 0.119 10--30
175 0.582 0.019 0.033 0.120 10--30
185 0.577 0.022 0.039 0.118 10--30
195 0.571 0.025 0.046 0.115 10--30
205 0.565 0.028 0.052 0.114 10--30
215 0.560 0.031 0.058 0.114 10--30
225 0.555 0.034 0.063 0.115 10--30
235 0.552 0.037 0.068 0.118 10--30
245 0.549 0.039 0.073 0.121 10--30
255 0.547 0.041 0.076 0.123 10--30
265 0.545 0.043 0.079 0.126 10--30
275 0.544 0.045 0.082 0.128 10--30
285 0.543 0.045 0.083 0.129 10--30
295 0.543 0.046 0.084 0.130 10--30
105 0.649 0.015 0.020 0.020 30--50
115 0.651 0.014 0.018 0.046 30--50
125 0.662 0.014 0.019 0.055 30--50
135 0.673 0.015 0.022 0.058 30--50
145 0.683 0.017 0.025 0.064 30--50
155 0.691 0.019 0.030 0.071 30--50
165 0.695 0.022 0.036 0.079 30--50
175 0.695 0.025 0.044 0.083 30--50
185 0.692 0.029 0.052 0.083 30--50
195 0.687 0.032 0.060 0.082 30--50
205 0.683 0.037 0.068 0.082 30--50
215 0.680 0.041 0.076 0.083 30--50
225 0.678 0.045 0.084 0.087 30--50
235 0.677 0.048 0.090 0.092 30--50
245 0.676 0.052 0.096 0.098 30--50
255 0.675 0.055 0.101 0.104 30--50
265 0.675 0.057 0.105 0.111 30--50
275 0.674 0.059 0.108 0.116 30--50
285 0.674 0.060 0.110 0.120 30--50
295 0.674 0.061 0.111 0.122 30--50
105 0.721 0.024 0.031 0.025 50--70
115 0.749 0.021 0.027 0.018 50--70
125 0.776 0.023 0.031 0.042 50--70
135 0.787 0.025 0.035 0.042 50--70
145 0.787 0.028 0.040 0.028 50--70
155 0.783 0.030 0.045 0.027 50--70
165 0.780 0.034 0.053 0.030 50--70
175 0.778 0.038 0.064 0.026 50--70
185 0.777 0.044 0.077 0.027 50--70
195 0.777 0.050 0.091 0.035 50--70
205 0.777 0.057 0.105 0.041 50--70
215 0.778 0.064 0.119 0.043 50--70
225 0.778 0.071 0.132 0.042 50--70
235 0.777 0.078 0.144 0.038 50--70
245 0.777 0.084 0.155 0.033 50--70
255 0.776 0.090 0.164 0.032 50--70
265 0.775 0.094 0.171 0.037 50--70
275 0.774 0.097 0.176 0.045 50--70
285 0.773 0.099 0.180 0.053 50--70
295 0.773 0.101 0.181 0.057 50--70
105 0.852 0.039 0.052 0.054 70--90
115 0.844 0.037 0.051 0.029 70--90
125 0.832 0.037 0.052 0.093 70--90
135 0.840 0.040 0.060 0.098 70--90
145 0.864 0.046 0.073 0.045 70--90
155 0.892 0.052 0.090 0.041 70--90
165 0.918 0.060 0.109 0.054 70--90
175 0.938 0.068 0.128 0.047 70--90
185 0.952 0.077 0.147 0.036 70--90
195 0.962 0.086 0.165 0.036 70--90
205 0.969 0.095 0.183 0.046 70--90
215 0.973 0.103 0.199 0.057 70--90
225 0.976 0.111 0.213 0.066 70--90
235 0.979 0.118 0.225 0.072 70--90
245 0.980 0.124 0.235 0.075 70--90
255 0.982 0.129 0.244 0.078 70--90
265 0.983 0.132 0.251 0.079 70--90
275 0.983 0.135 0.255 0.080 70--90
285 0.984 0.137 0.259 0.081 70--90
295 0.984 0.138 0.260 0.082 70--90