105 0.396 0.010 0.013 0.049 0--5
115 0.406 0.009 0.012 0.018 0--5
125 0.437 0.010 0.014 0.036 0--5
135 0.466 0.012 0.016 0.050 0--5
145 0.486 0.013 0.019 0.062 0--5
155 0.498 0.015 0.023 0.069 0--5
165 0.502 0.017 0.028 0.071 0--5
175 0.503 0.019 0.034 0.070 0--5
185 0.501 0.022 0.040 0.070 0--5
195 0.500 0.025 0.047 0.070 0--5
205 0.499 0.029 0.053 0.071 0--5
215 0.499 0.032 0.060 0.074 0--5
225 0.500 0.036 0.067 0.078 0--5
235 0.501 0.039 0.072 0.083 0--5
245 0.501 0.042 0.077 0.090 0--5
255 0.502 0.044 0.082 0.097 0--5
265 0.502 0.046 0.085 0.103 0--5
275 0.502 0.048 0.088 0.109 0--5
285 0.503 0.049 0.089 0.112 0--5
295 0.503 0.049 0.090 0.114 0--5
