105 0.484 0.011 0.014 0.020 10--30
115 0.498 0.010 0.013 0.038 10--30
125 0.528 0.011 0.015 0.069 10--30
135 0.553 0.013 0.018 0.088 10--30
145 0.568 0.015 0.021 0.100 10--30
155 0.574 0.016 0.025 0.106 10--30
165 0.574 0.018 0.030 0.107 10--30
175 0.570 0.021 0.035 0.106 10--30
185 0.564 0.024 0.042 0.104 10--30
195 0.560 0.027 0.049 0.104 10--30
205 0.556 0.030 0.056 0.106 10--30
215 0.554 0.034 0.063 0.109 10--30
225 0.553 0.038 0.070 0.114 10--30
235 0.552 0.041 0.076 0.119 10--30
245 0.551 0.044 0.081 0.124 10--30
255 0.550 0.047 0.086 0.129 10--30
265 0.550 0.049 0.089 0.132 10--30
275 0.549 0.050 0.092 0.135 10--30
285 0.549 0.051 0.093 0.137 10--30
295 0.549 0.052 0.094 0.138 10--30
