105 0.617 0.016 0.020 0.016 30--50
115 0.638 0.015 0.019 0.050 30--50
125 0.659 0.016 0.021 0.048 30--50
135 0.672 0.017 0.024 0.053 30--50
145 0.680 0.019 0.028 0.058 30--50
155 0.683 0.021 0.032 0.066 30--50
165 0.682 0.024 0.039 0.072 30--50
175 0.679 0.027 0.047 0.073 30--50
185 0.676 0.031 0.055 0.072 30--50
195 0.673 0.035 0.064 0.072 30--50
205 0.672 0.040 0.074 0.074 30--50
215 0.673 0.045 0.083 0.078 30--50
225 0.674 0.049 0.092 0.084 30--50
235 0.675 0.054 0.100 0.091 30--50
245 0.676 0.058 0.107 0.099 30--50
255 0.677 0.061 0.113 0.106 30--50
265 0.678 0.064 0.118 0.112 30--50
275 0.678 0.066 0.121 0.116 30--50
285 0.678 0.068 0.123 0.120 30--50
295 0.678 0.068 0.125 0.121 30--50
