105 0.407 0.011 0.014 0.066 5--10
115 0.425 0.010 0.013 0.023 5--10
125 0.450 0.011 0.015 0.075 5--10
135 0.465 0.012 0.017 0.049 5--10
145 0.471 0.013 0.020 0.044 5--10
155 0.474 0.015 0.023 0.045 5--10
165 0.474 0.017 0.028 0.044 5--10
175 0.474 0.019 0.033 0.049 5--10
185 0.474 0.022 0.040 0.053 5--10
195 0.475 0.025 0.046 0.057 5--10
205 0.476 0.029 0.053 0.060 5--10
215 0.478 0.032 0.060 0.065 5--10
225 0.481 0.036 0.066 0.071 5--10
235 0.483 0.039 0.072 0.078 5--10
245 0.485 0.042 0.078 0.086 5--10
255 0.487 0.045 0.082 0.093 5--10
265 0.489 0.047 0.086 0.100 5--10
275 0.489 0.048 0.088 0.105 5--10
285 0.490 0.049 0.090 0.109 5--10
295 0.490 0.050 0.091 0.111 5--10
