105 0.630 0.025 0.033 0.032 50--70
115 0.734 0.023 0.029 0.050 50--70
125 0.804 0.026 0.035 0.060 50--70
135 0.823 0.029 0.040 0.049 50--70
145 0.811 0.031 0.045 0.033 50--70
155 0.790 0.034 0.050 0.032 50--70
165 0.772 0.037 0.058 0.029 50--70
175 0.758 0.041 0.068 0.023 50--70
185 0.749 0.047 0.081 0.023 50--70
195 0.744 0.053 0.096 0.023 50--70
205 0.742 0.061 0.111 0.023 50--70
215 0.741 0.069 0.127 0.025 50--70
225 0.741 0.077 0.142 0.028 50--70
235 0.741 0.085 0.155 0.029 50--70
245 0.741 0.092 0.167 0.026 50--70
255 0.741 0.098 0.178 0.024 50--70
265 0.740 0.103 0.186 0.024 50--70
275 0.739 0.107 0.192 0.026 50--70
285 0.739 0.109 0.196 0.028 50--70
295 0.739 0.111 0.198 0.030 50--70
