105 0.860 0.042 0.055 0.081 70--90
115 0.831 0.040 0.054 0.059 70--90
125 0.818 0.041 0.056 0.104 70--90
135 0.829 0.045 0.065 0.056 70--90
145 0.851 0.050 0.079 0.035 70--90
155 0.872 0.057 0.096 0.048 70--90
165 0.887 0.065 0.115 0.034 70--90
175 0.895 0.074 0.136 0.024 70--90
185 0.899 0.083 0.157 0.030 70--90
195 0.899 0.093 0.177 0.041 70--90
205 0.898 0.103 0.197 0.054 70--90
215 0.895 0.113 0.215 0.067 70--90
225 0.892 0.122 0.232 0.078 70--90
235 0.889 0.130 0.246 0.087 70--90
245 0.887 0.137 0.258 0.092 70--90
255 0.884 0.142 0.268 0.095 70--90
265 0.883 0.147 0.276 0.097 70--90
275 0.882 0.150 0.282 0.098 70--90
285 0.881 0.153 0.286 0.098 70--90
295 0.881 0.154 0.287 0.098 70--90
