105 0.396 0.010 0.013 0.049 0--5
115 0.406 0.009 0.012 0.018 0--5
125 0.437 0.010 0.014 0.036 0--5
135 0.466 0.012 0.016 0.050 0--5
145 0.486 0.013 0.019 0.062 0--5
155 0.498 0.015 0.023 0.069 0--5
165 0.502 0.017 0.028 0.071 0--5
175 0.503 0.019 0.034 0.070 0--5
185 0.501 0.022 0.040 0.070 0--5
195 0.500 0.025 0.047 0.070 0--5
205 0.499 0.029 0.053 0.071 0--5
215 0.499 0.032 0.060 0.074 0--5
225 0.500 0.036 0.067 0.078 0--5
235 0.501 0.039 0.072 0.083 0--5
245 0.501 0.042 0.077 0.090 0--5
255 0.502 0.044 0.082 0.097 0--5
265 0.502 0.046 0.085 0.103 0--5
275 0.502 0.048 0.088 0.109 0--5
285 0.503 0.049 0.089 0.112 0--5
295 0.503 0.049 0.090 0.114 0--5
105 0.407 0.011 0.014 0.066 5--10
115 0.425 0.010 0.013 0.023 5--10
125 0.450 0.011 0.015 0.075 5--10
135 0.465 0.012 0.017 0.049 5--10
145 0.471 0.013 0.020 0.044 5--10
155 0.474 0.015 0.023 0.045 5--10
165 0.474 0.017 0.028 0.044 5--10
175 0.474 0.019 0.033 0.049 5--10
185 0.474 0.022 0.040 0.053 5--10
195 0.475 0.025 0.046 0.057 5--10
205 0.476 0.029 0.053 0.060 5--10
215 0.478 0.032 0.060 0.065 5--10
225 0.481 0.036 0.066 0.071 5--10
235 0.483 0.039 0.072 0.078 5--10
245 0.485 0.042 0.078 0.086 5--10
255 0.487 0.045 0.082 0.093 5--10
265 0.489 0.047 0.086 0.100 5--10
275 0.489 0.048 0.088 0.105 5--10
285 0.490 0.049 0.090 0.109 5--10
295 0.490 0.050 0.091 0.111 5--10
105 0.484 0.011 0.014 0.020 10--30
115 0.498 0.010 0.013 0.038 10--30
125 0.528 0.011 0.015 0.069 10--30
135 0.553 0.013 0.018 0.088 10--30
145 0.568 0.015 0.021 0.100 10--30
155 0.574 0.016 0.025 0.106 10--30
165 0.574 0.018 0.030 0.107 10--30
175 0.570 0.021 0.035 0.106 10--30
185 0.564 0.024 0.042 0.104 10--30
195 0.560 0.027 0.049 0.104 10--30
205 0.556 0.030 0.056 0.106 10--30
215 0.554 0.034 0.063 0.109 10--30
225 0.553 0.038 0.070 0.114 10--30
235 0.552 0.041 0.076 0.119 10--30
245 0.551 0.044 0.081 0.124 10--30
255 0.550 0.047 0.086 0.129 10--30
265 0.550 0.049 0.089 0.132 10--30
275 0.549 0.050 0.092 0.135 10--30
285 0.549 0.051 0.093 0.137 10--30
295 0.549 0.052 0.094 0.138 10--30
105 0.617 0.016 0.020 0.016 30--50
115 0.638 0.015 0.019 0.050 30--50
125 0.659 0.016 0.021 0.048 30--50
135 0.672 0.017 0.024 0.053 30--50
145 0.680 0.019 0.028 0.058 30--50
155 0.683 0.021 0.032 0.066 30--50
165 0.682 0.024 0.039 0.072 30--50
175 0.679 0.027 0.047 0.073 30--50
185 0.676 0.031 0.055 0.072 30--50
195 0.673 0.035 0.064 0.072 30--50
205 0.672 0.040 0.074 0.074 30--50
215 0.673 0.045 0.083 0.078 30--50
225 0.674 0.049 0.092 0.084 30--50
235 0.675 0.054 0.100 0.091 30--50
245 0.676 0.058 0.107 0.099 30--50
255 0.677 0.061 0.113 0.106 30--50
265 0.678 0.064 0.118 0.112 30--50
275 0.678 0.066 0.121 0.116 30--50
285 0.678 0.068 0.123 0.120 30--50
295 0.678 0.068 0.125 0.121 30--50
105 0.630 0.025 0.033 0.032 50--70
115 0.734 0.023 0.029 0.050 50--70
125 0.804 0.026 0.035 0.060 50--70
135 0.823 0.029 0.040 0.049 50--70
145 0.811 0.031 0.045 0.033 50--70
155 0.790 0.034 0.050 0.032 50--70
165 0.772 0.037 0.058 0.029 50--70
175 0.758 0.041 0.068 0.023 50--70
185 0.749 0.047 0.081 0.023 50--70
195 0.744 0.053 0.096 0.023 50--70
205 0.742 0.061 0.111 0.023 50--70
215 0.741 0.069 0.127 0.025 50--70
225 0.741 0.077 0.142 0.028 50--70
235 0.741 0.085 0.155 0.029 50--70
245 0.741 0.092 0.167 0.026 50--70
255 0.741 0.098 0.178 0.024 50--70
265 0.740 0.103 0.186 0.024 50--70
275 0.739 0.107 0.192 0.026 50--70
285 0.739 0.109 0.196 0.028 50--70
295 0.739 0.111 0.198 0.030 50--70
105 0.860 0.042 0.055 0.081 70--90
115 0.831 0.040 0.054 0.059 70--90
125 0.818 0.041 0.056 0.104 70--90
135 0.829 0.045 0.065 0.056 70--90
145 0.851 0.050 0.079 0.035 70--90
155 0.872 0.057 0.096 0.048 70--90
165 0.887 0.065 0.115 0.034 70--90
175 0.895 0.074 0.136 0.024 70--90
185 0.899 0.083 0.157 0.030 70--90
195 0.899 0.093 0.177 0.041 70--90
205 0.898 0.103 0.197 0.054 70--90
215 0.895 0.113 0.215 0.067 70--90
225 0.892 0.122 0.232 0.078 70--90
235 0.889 0.130 0.246 0.087 70--90
245 0.887 0.137 0.258 0.092 70--90
255 0.884 0.142 0.268 0.095 70--90
265 0.883 0.147 0.276 0.097 70--90
275 0.882 0.150 0.282 0.098 70--90
285 0.881 0.153 0.286 0.098 70--90
295 0.881 0.154 0.287 0.098 70--90